1000 7.745e-08
2000 6.059e-08
3000 5.878e-08
4000 6.052e-08
5000 6.264e-08
6000 6.258e-08
7000 6.516e-08
8000 6.628e-08
9000 6.562e-08
10000 6.388e-08
11000 6.456e-08
12000 6.47e-08
13000 6.589e-08
14000 6.571e-08
15000 6.881e-08
16000 6.698e-08
17000 6.715e-08
18000 6.722e-08
19000 6.966e-08
20000 6.758e-08
21000 6.701e-08
22000 6.728e-08
23000 6.925e-08
24000 6.802e-08
25000 6.738e-08
26000 6.805e-08
27000 6.76e-08
28000 6.995e-08
29000 7.252e-08
30000 6.81e-08
31000 6.839e-08
32000 6.976e-08
33000 6.922e-08
34000 6.995e-08
35000 7.182e-08
36000 7.07e-08
37000 7.159e-08
38000 7.186e-08
39000 6.969e-08
40000 7.141e-08
41000 7.104e-08
42000 1.0957e-07
43000 8.817e-08
44000 7.63e-08
45000 7.885e-08
46000 7.643e-08
47000 7.917e-08
48000 8.069e-08
49000 7.84e-08
50000 7.434e-08
51000 7.53e-08
52000 7.41e-08
53000 7.196e-08
54000 7.386e-08
55000 7.151e-08
56000 7.189e-08
57000 7.243e-08
58000 7.14e-08
59000 7.255e-08
60000 7.407e-08
61000 7.341e-08
62000 7.494e-08
63000 7.131e-08
64000 7.277e-08
65000 7.521e-08
66000 7.284e-08
67000 7.952e-08
68000 7.424e-08
69000 7.863e-08
70000 7.532e-08
71000 7.38e-08
72000 7.757e-08
73000 7.597e-08
74000 8.1e-08
75000 8.085e-08
76000 7.594e-08
77000 7.463e-08
78000 7.469e-08
79000 7.563e-08
80000 7.542e-08
81000 7.489e-08
82000 7.401e-08
83000 7.658e-08
84000 7.438e-08
85000 7.432e-08
86000 7.438e-08
87000 7.535e-08
88000 7.499e-08
89000 7.606e-08
90000 7.569e-08
91000 7.659e-08
92000 7.852e-08
93000 7.618e-08
94000 7.684e-08
95000 7.796e-08
96000 7.775e-08
97000 7.591e-08
98000 8.172e-08
99000 7.946e-08
100000 7.953e-08
101000 7.778e-08
102000 8.245e-08
103000 7.611e-08
104000 7.939e-08
105000 8.061e-08
106000 7.599e-08
107000 7.771e-08
108000 7.963e-08
109000 8.239e-08
110000 8.487e-08
111000 8.012e-08
112000 8.006e-08
113000 7.968e-08
114000 7.794e-08
115000 7.651e-08
116000 7.519e-08
117000 7.794e-08
118000 7.595e-08
119000 8.07e-08
120000 7.977e-08
121000 7.734e-08
122000 7.828e-08
123000 7.955e-08
124000 8.118e-08
125000 8.001e-08
126000 7.864e-08
127000 8.244e-08
128000 7.824e-08
129000 7.976e-08
130000 7.983e-08
131000 7.83e-08
132000 8.39e-08
133000 8.052e-08
134000 8.084e-08
135000 7.954e-08
136000 8.182e-08
137000 8.035e-08
138000 8.022e-08
139000 8.285e-08
140000 8.041e-08
141000 8.282e-08
142000 8.122e-08
143000 8.144e-08
144000 8.081e-08
145000 8.088e-08
146000 8.048e-08
147000 7.874e-08
148000 1.0691e-07
149000 9.591e-08
150000 7.911e-08
151000 7.977e-08
152000 8.192e-08
153000 8.052e-08
154000 8.28e-08
155000 7.978e-08
156000 7.957e-08
157000 8.176e-08
158000 8.21e-08
159000 7.952e-08
160000 8.147e-08
161000 8.046e-08
162000 8.153e-08
163000 7.938e-08
164000 8.225e-08
165000 8.134e-08
166000 8.137e-08
167000 7.909e-08
168000 8.258e-08
169000 8.057e-08
170000 8.095e-08
171000 8.133e-08
172000 8.752e-08
173000 8.174e-08
174000 8.356e-08
175000 8.244e-08
176000 8.117e-08
177000 8.095e-08
178000 8.235e-08
179000 7.968e-08
180000 8.216e-08
181000 8.239e-08
182000 8.331e-08
183000 8.404e-08
184000 8.09e-08
185000 8.279e-08
186000 8.029e-08
187000 8.038e-08
188000 1.3202e-07
189000 8.236e-08
190000 8.597e-08
191000 8.391e-08
192000 8.291e-08
193000 8.201e-08
194000 8.328e-08
195000 8.247e-08
196000 8.475e-08
197000 9.012e-08
198000 8.92e-08
199000 8.93e-08
200000 9.219e-08
201000 9.002e-08
202000 8.846e-08
203000 8.812e-08
204000 8.771e-08
205000 8.898e-08
206000 9.014e-08
207000 9.08e-08
208000 9.295e-08
209000 1.1671e-07
210000 8.917e-08
211000 8.93e-08
212000 9.028e-08
213000 8.84e-08
214000 8.852e-08
215000 9.044e-08
216000 1.2182e-07
217000 9.336e-08
218000 9.074e-08
219000 8.929e-08
220000 8.603e-08
221000 9.102e-08
222000 8.877e-08
223000 8.957e-08
224000 9.088e-08
225000 8.917e-08
226000 8.928e-08
227000 9.036e-08
228000 9.594e-08
229000 8.949e-08
230000 8.995e-08
231000 8.922e-08
232000 9.01e-08
233000 9.031e-08
234000 8.834e-08
235000 9.138e-08
236000 8.888e-08
237000 8.959e-08
238000 8.883e-08
239000 8.887e-08
240000 8.903e-08
241000 8.902e-08
242000 8.889e-08
243000 8.858e-08
244000 8.794e-08
245000 9.046e-08
246000 8.897e-08
247000 9.014e-08
248000 1.3842e-07
249000 8.886e-08
250000 9.024e-08
251000 8.845e-08
252000 8.826e-08
253000 8.978e-08
254000 8.873e-08
255000 8.902e-08
256000 9.207e-08
257000 8.907e-08
258000 8.976e-08
259000 8.892e-08
260000 8.957e-08
261000 8.924e-08
262000 8.958e-08
263000 8.558e-08
264000 8.487e-08
265000 8.294e-08
266000 8.527e-08
267000 9.167e-08
268000 8.539e-08
269000 8.667e-08
270000 8.44e-08
271000 8.571e-08
272000 8.869e-08
273000 8.56e-08
274000 8.552e-08
275000 8.649e-08
276000 8.475e-08
277000 8.706e-08
278000 8.62e-08
279000 8.45e-08
280000 8.564e-08
281000 8.501e-08
282000 8.74e-08
283000 8.548e-08
284000 8.591e-08
285000 8.966e-08
286000 9.047e-08
287000 8.676e-08
288000 8.685e-08
289000 8.475e-08
290000 8.513e-08
291000 8.715e-08
292000 8.581e-08
293000 8.963e-08
294000 8.767e-08
295000 8.453e-08
296000 8.923e-08
297000 9.052e-08
298000 8.44e-08
299000 8.668e-08
300000 8.48e-08
301000 8.668e-08
302000 8.558e-08
303000 8.474e-08
304000 8.642e-08
305000 8.676e-08
306000 8.641e-08
307000 8.621e-08
308000 8.482e-08
309000 8.601e-08
310000 8.634e-08
311000 8.813e-08
312000 8.641e-08
313000 8.602e-08
314000 8.621e-08
315000 8.754e-08
316000 9.283e-08
317000 8.662e-08
318000 8.61e-08
319000 9.304e-08
320000 8.74e-08
321000 8.7e-08
322000 8.632e-08
323000 8.873e-08
324000 8.622e-08
325000 8.769e-08
326000 8.764e-08
327000 8.608e-08
328000 8.676e-08
329000 8.818e-08
330000 8.783e-08
331000 9.019e-08
332000 8.46e-08
333000 9.312e-08
334000 8.6e-08
335000 8.621e-08
336000 8.571e-08
337000 8.75e-08
338000 8.999e-08
339000 8.555e-08
340000 8.865e-08
341000 8.716e-08
342000 8.648e-08
343000 8.819e-08
344000 1.0231e-07
345000 8.494e-08
346000 8.74e-08
347000 8.734e-08
348000 8.609e-08
349000 8.716e-08
350000 8.506e-08
351000 9.002e-08
352000 8.816e-08
353000 8.688e-08
354000 8.548e-08
355000 8.882e-08
356000 8.539e-08
357000 8.579e-08
358000 8.542e-08
359000 8.753e-08
360000 8.883e-08
361000 8.481e-08
362000 8.496e-08
363000 9.182e-08
364000 8.782e-08
365000 8.53e-08
366000 8.85e-08
367000 8.628e-08
368000 9.34e-08
369000 8.899e-08
370000 8.605e-08
371000 8.472e-08
372000 8.684e-08
373000 8.47e-08
374000 8.779e-08
375000 8.504e-08
376000 8.775e-08
377000 8.56e-08
378000 8.526e-08
379000 8.593e-08
380000 8.893e-08
381000 8.818e-08
382000 8.642e-08
383000 8.693e-08
384000 8.6e-08
385000 8.661e-08
386000 8.854e-08
387000 8.902e-08
388000 8.452e-08
389000 8.747e-08
390000 8.839e-08
391000 8.58e-08
392000 8.636e-08
393000 8.545e-08
394000 9.737e-08
395000 9.67e-08
396000 9.673e-08
397000 9.677e-08
398000 9.791e-08
399000 9.609e-08
400000 9.657e-08
401000 1.0295e-07
402000 9.705e-08
403000 9.839e-08
404000 9.544e-08
405000 9.522e-08
406000 9.69e-08
407000 9.868e-08
408000 9.754e-08
409000 9.606e-08
410000 9.764e-08
411000 1.2966e-07
412000 9.671e-08
413000 9.941e-08
414000 9.698e-08
415000 9.631e-08
416000 9.616e-08
417000 9.728e-08
418000 9.835e-08
419000 9.699e-08
420000 9.54e-08
421000 9.829e-08
422000 9.826e-08
423000 9.788e-08
424000 1.0093e-07
425000 9.821e-08
426000 9.651e-08
427000 9.776e-08
428000 1.0019e-07
429000 9.649e-08
430000 9.634e-08
431000 1.0374e-07
432000 1.0052e-07
433000 9.839e-08
434000 9.659e-08
435000 9.726e-08
436000 9.846e-08
437000 9.959e-08
438000 9.934e-08
439000 9.75e-08
440000 9.583e-08
441000 9.805e-08
442000 9.853e-08
443000 9.783e-08
444000 9.604e-08
445000 9.702e-08
446000 9.628e-08
447000 9.871e-08
448000 9.942e-08
449000 9.819e-08
450000 9.646e-08
451000 9.812e-08
452000 9.845e-08
453000 1.0036e-07
454000 9.598e-08
455000 1.0344e-07
456000 9.897e-08
457000 9.808e-08
458000 9.849e-08
459000 9.823e-08
460000 9.692e-08
461000 9.654e-08
462000 1.0258e-07
463000 9.774e-08
464000 9.913e-08
465000 9.765e-08
466000 9.757e-08
467000 9.885e-08
468000 1.5603e-07
469000 9.776e-08
470000 9.869e-08
471000 9.888e-08
472000 9.771e-08
473000 1.0057e-07
474000 9.757e-08
475000 1.0183e-07
476000 9.867e-08
477000 9.912e-08
478000 9.784e-08
479000 9.793e-08
480000 9.594e-08
481000 9.763e-08
482000 9.777e-08
483000 9.753e-08
484000 9.997e-08
485000 1.0232e-07
486000 9.789e-08
487000 9.91e-08
488000 9.983e-08
489000 9.869e-08
490000 9.863e-08
491000 1.0581e-07
492000 9.833e-08
493000 9.908e-08
494000 1.0107e-07
495000 9.878e-08
496000 9.728e-08
497000 9.493e-08
498000 9.679e-08
499000 9.81e-08
500000 1.0642e-07
Dummy: -1
