10 3.472e-08 0.31529 0.00702 0.00405
11 3.116e-08 0.31598 0.00211 0.00122
12 3.216e-08 0.31515 0.0024 0.00156
13 3.213e-08 0.31426 0.002 0.00121
14 3.163e-08 0.31173 0.00306 0.00182
15 3.488e-08 0.30808 0.00277 0.00141
16 3.364e-08 0.31473 0.0029 0.0015
17 3.286e-08 0.30829 0.00174 0.00114
18 3.321e-08 0.31053 0.00273 0.00135
19 3.474e-08 0.31009 0.00375 0.0018
20 3.628e-08 0.30648 0.00381 0.00231
22 3.511e-08 0.30651 0.00362 0.0032
24 3.713e-08 0.30511 0.00527 0.00434
26 3.56e-08 0.30402 0.0034 0.0014
28 3.528e-08 0.30286 0.0047 0.00201
30 3.407e-08 0.3008 0.00309 0.00153
33 3.822e-08 0.30753 0.0037 0.00219
36 3.993e-08 0.30715 0.0057 0.00182
39 3.647e-08 0.30185 0.00464 0.00176
42 3.808e-08 0.30284 0.00403 0.00158
46 3.731e-08 0.30056 0.0027 0.00165
50 3.706e-08 0.30423 0.0032 0.00143
55 3.628e-08 0.30269 0.00242 0.00153
60 3.55e-08 0.30467 0.00276 0.00137
66 3.745e-08 0.3004 0.00273 0.0015
72 3.883e-08 0.29969 0.00499 0.00218
79 3.858e-08 0.29773 0.00345 0.00177
86 3.72e-08 0.29882 0.00094 0.00043
94 3.762e-08 0.29922 0.00332 0.00162
103 3.8e-08 0.29798 0.00408 0.0021
113 3.979e-08 0.29574 0.00401 0.0019
124 3.812e-08 0.29459 0.0031 0.00172
136 3.942e-08 0.30057 0.00306 0.00159
149 4.004e-08 0.30489 0.00343 0.00168
163 4.136e-08 0.30667 0.00417 0.00187
179 4.067e-08 0.30446 0.0034 0.0017
196 4.026e-08 0.30217 0.00305 0.00164
215 4.106e-08 0.29719 0.00569 0.00295
236 4.027e-08 0.29902 0.00342 0.00161
259 4.265e-08 0.29494 0.00415 0.00203
284 4.189e-08 0.29166 0.00313 0.00149
312 4.484e-08 0.28913 0.00636 0.00225
343 4.339e-08 0.2914 0.0034 0.00151
377 4.36e-08 0.2959 0.00514 0.00175
414 4.53e-08 0.29763 0.00906 0.0035
455 4.877e-08 0.29477 0.01278 0.00792
500 4.742e-08 0.29274 0.00328 0.00173
550 4.727e-08 0.2949 0.00871 0.00263
605 5.077e-08 0.30104 0.0101 0.003
665 4.568e-08 0.29785 0.0062 0.00247
731 4.702e-08 0.29361 0.01256 0.00335
804 4.993e-08 0.29198 0.01134 0.00302
884 4.774e-08 0.29398 0.00901 0.0028
972 4.737e-08 0.29241 0.01056 0.00247
1069 5.047e-08 0.29341 0.01139 0.0032
1175 5.131e-08 0.31086 0.01586 0.00283
1292 4.885e-08 0.32029 0.01586 0.00349
1421 4.939e-08 0.32699 0.02112 0.00304
1563 5.319e-08 0.32579 0.01141 0.00309
1719 4.927e-08 0.3228 0.01238 0.00342
1890 4.867e-08 0.32087 0.01265 0.00311
2079 4.997e-08 0.2899 0.01079 0.00339
2286 5.127e-08 0.29104 0.03737 0.0059
2514 5.171e-08 0.28869 0.05637 0.00546
2765 5.133e-08 0.28568 0.06075 0.00586
3041 5.15e-08 0.28988 0.06398 0.00627
3345 5.603e-08 0.28716 0.08389 0.00633
3679 5.184e-08 0.28661 0.07747 0.00583
4046 5.183e-08 0.28912 0.08671 0.00584
4450 5.468e-08 0.29375 0.13497 0.0094
4895 5.408e-08 0.2916 0.15734 0.00761
5384 5.533e-08 0.28814 0.1896 0.0094
5922 5.564e-08 0.28942 0.22732 0.011
6514 5.595e-08 0.29158 0.24873 0.00821
7165 5.479e-08 0.28825 0.26183 0.00891
7881 5.828e-08 0.28644 0.29228 0.01022
8669 6.003e-08 0.29185 0.33099 0.01843
9535 5.783e-08 0.29421 0.37909 0.01939
10488 6.298e-08 0.28883 0.42796 0.02458
11536 6.257e-08 0.28893 0.47312 0.03371
12689 6.248e-08 0.28813 0.50836 0.02917
13957 6.366e-08 0.29054 0.5431 0.03658
15352 6.148e-08 0.28878 0.57529 0.0374
16887 6.652e-08 0.28926 2.24088 0.04537
18575 6.795e-08 0.28598 2.87114 0.07999
20432 6.719e-08 0.28624 2.35368 0.08517
22475 6.742e-08 0.28927 2.37561 0.07638
24722 6.881e-08 0.28614 2.62888 0.11844
27194 7.196e-08 0.28796 2.46055 0.11769
29913 6.682e-08 0.28711 2.49567 0.1571
32904 8.174e-08 0.28942 5.71872 0.17415
36194 7.909e-08 0.28773 5.57613 0.18798
39813 8.048e-08 0.2894 5.4771 0.25226
43794 7.839e-08 0.28836 5.53972 0.28833
48173 7.682e-08 0.2862 5.92639 0.22582
52990 7.828e-08 0.28792 5.9423 0.28425
58289 1.2686e-07 0.2895 6.02946 0.3683
64117 8.834e-08 0.28766 6.03335 0.30087
70528 8.992e-08 0.29048 9.27389 0.34194
77580 9.549e-08 0.28788 9.34169 0.37015
85338 9.01e-08 0.28645 9.43395 0.42247
93871 9.189e-08 0.28903 9.39963 0.46138
103258 9.624e-08 0.28759 9.22293 0.50224
113583 9.621e-08 0.2886 9.4914 0.54306
124941 9.495e-08 0.28634 9.53396 0.59151
137435 1.0066e-07 0.28853 10.3491 0.62162
151178 1.0761e-07 0.28937 10.4298 0.72883
166295 1.0341e-07 0.28812 10.4907 0.71958
182924 1.0827e-07 0.28658 10.5333 0.76704
201216 1.5091e-07 0.28766 11.5059 0.77354
221337 1.3498e-07 0.28658 10.8532 0.85897
243470 1.2573e-07 0.28728 10.7651 0.85825
267817 1.3186e-07 0.28924 11.588 0.93287
294598 1.322e-07 0.28671 11.5931 0.99704
324057 1.3812e-07 0.28793 11.6805 1.0546
356462 1.5599e-07 0.28885 11.8268 1.03901
392108 1.5291e-07 0.28713 11.8575 1.07809
431318 1.4595e-07 0.28703 11.865 1.12503
474449 1.7098e-07 0.28832 12.0129 1.17684
521893 1.564e-07 0.28989 11.9775 1.20259
574082 1.6145e-07 0.29842 12.777 1.27903
631490 1.8011e-07 0.28803 12.9191 1.33222
694639 1.7926e-07 0.28959 12.9448 1.38413
764102 1.9399e-07 0.29402 13.0504 1.45186
840512 1.8139e-07 0.28662 13.0752 1.49973
924563 1.8178e-07 0.28556 13.1381 1.47714
1017019 1.9798e-07 0.2856 13.1916 1.50896
1118720 2.422e-07 0.28641 17.1202 1.54698
1230592 1.9227e-07 0.28622 14.1141 1.65449
1353651 1.9725e-07 0.28778 14.1774 1.67421
1489016 2.1297e-07 0.28769 14.2578 1.77015
1637917 2.1687e-07 0.28901 14.2651 1.81474
1801708 2.3503e-07 0.28606 14.4691 1.83436
1981878 2.198e-07 0.28806 14.4385 1.858
2180065 2.4487e-07 0.28677 15.5348 1.90945
2398071 2.42e-07 0.28603 15.4905 1.9908
2637878 2.4719e-07 0.28786 15.5937 2.07124
2901665 2.5228e-07 0.28727 15.6628 2.13692
3191831 2.4987e-07 0.28673 15.7119 2.18554
3511014 2.5415e-07 0.28392 16.6395 2.21268
3862115 2.5265e-07 0.28953 15.7096 2.28613
4248326 2.8685e-07 0.2877 16.8127 2.31266
4673158 2.7981e-07 0.28656 19.0417 2.41372
5140473 2.8214e-07 0.29277 16.9624 2.52837
5654520 2.8328e-07 0.28626 17.0679 2.55613
6219972 2.7354e-07 0.28956 17.0328 2.66376
6841969 3.1754e-07 0.31206 18.1463 2.83772
7526165 3.0758e-07 0.29119 17.9656 2.81533
8278781 3.132e-07 0.28564 18.1293 2.7621
9106659 3.1894e-07 0.28749 18.2056 2.89193
